Example of AI that has four neurons and knows Roman numbers
I, II, III
and one letter N

Input<-{0,0,1,0,0,\
        0,0,1,0,0,\
        0,0,1,0,0,\
        0,0,1,0,0,\
        0,0,1,0,0;\
        0,1,0,1,0,\
        0,1,0,1,0,\
        0,1,0,1,0,\
        0,1,0,1,0,\
        0,1,0,1,0;\
        1,0,1,0,1,\
        1,0,1,0,1,\
        1,0,1,0,1,\
        1,0,1,0,1,\
        1,0,1,0,1;\
        1,0,0,0,1,\
        1,1,0,0,1,\
        1,0,1,0,1,\
        1,0,0,1,1,\
        1,0,0,0,1}
AI<-eval(MP(Transpose(Input)))


AI*{1;0;1;0;1;\
    0;0;1;0;0;\
    0;0;1;0;0;\
    0;0;1;0;0;\
    0;0;1;0;1}={7/10;3/10;0;0}={1;0;0;0}


AI*{0;1;0;1;0;\
    0;1;0;1;0;\
    0;1;0;1;0;\
    0;1;0;1;0;\
    0;1;0;1;0}={0;1;0;0}

AI*{ 1;0;1;0;1;\
     1;0;1;0;1;\
     1;0;1;0;1;\
     1;0;1;0;1;\
     1;0;1;0;1}={0;0;1;0}
 
AI*{1;0;0;1;1;\
    1;1;1;1;1;\
    1;0;1;1;1;\
    1;1;0;1;1;\
    1;1;0;0;1}={-1/5;-1/10;1/2;3/5}={0;0;1;0}={-1/5;-1/10;3/4;7/20}















Input<-{0,0,1,0,0,\
        0,0,1,0,0,\
        0,0,1,0,0,\
        0,0,1,0,0,\
        0,0,1,0,0;\
        0,1,0,1,0,\
        0,1,0,1,0,\
        0,1,0,1,0,\
        0,1,0,1,0,\
        0,1,0,1,0;\
        1,0,1,0,1,\
        1,0,1,0,1,\
        1,0,1,0,1,\
        1,0,1,0,1,\
        1,0,1,0,1;\
        1,0,0,0,1,\
        1,1,0,0,1,\
        1,0,1,0,1,\
        1,0,0,1,1,\
        1,0,0,0,1;
       1,0,0,0,1,}
AI<-MP(Transpose(Input))
AI*{0;0;1;0;0;\
    1;0;1;0;0;\
    0;0;1;0;0;\
    0;0;1;0;0;\
    0;0;1;0;1}={4/5;0;1/5;0}={9/10;0;1/10;0}={5/6;7/60;11/60;-1/12}={1;0;0;0}
AI*{0;1;0;1;0;\
    0;1;0;1;0;\
    0;1;0;1;0;\
    0;1;0;1;0;\
    0;1;0;1;0}={0;1;0;0}
AI*{ 1;0;1;0;1;\
     1;0;1;0;1;\
     1;0;1;0;1;\
     1;0;1;0;1;\
     1;0;1;0;1}={0;0;1;0}
AI*{1;0;0;0;1;\
    1;1;0;0;1;\
    1;0;1;0;1;\
    1;0;0;1;1;\
    1;0;0;0;1}={2/5;3/10;1/2;1/2}={2/15;4/15;1/3;2/3}={0;1/4;1/4;3/4}={2/15;1/60;1/12;11/12}={0;0;0;1}














